# z(m)  field_or_gradient(arb.u.)
 0.0000000000000000e+00  -4.1031444226780268e-04
 5.0000000000000001e-04  -4.1189624433335821e-04
 1.0000000000000000e-03  -4.1473620111602381e-04
 1.5000000000000000e-03  -4.1970030063516971e-04
 2.0000000000000000e-03  -4.2684988382988784e-04
 2.5000000000000001e-03  -4.3666846345751339e-04
 3.0000000000000001e-03  -4.4935384014111791e-04
 3.5000000000000001e-03  -4.6468958183633937e-04
 4.0000000000000001e-03  -4.8214663243635782e-04
 4.4999999999999997e-03  -5.0170362528111578e-04
 5.0000000000000001e-03  -5.2341955043746298e-04
 5.4999999999999997e-03  -5.4731854021343007e-04
 6.0000000000000001e-03  -5.7391408232558994e-04
 6.4999999999999997e-03  -6.0446136896352763e-04
 7.0000000000000001e-03  -6.3899821720494272e-04
 7.4999999999999997e-03  -6.7710141080299616e-04
 8.0000000000000002e-03  -7.1859781584250419e-04
 8.5000000000000006e-03  -7.6348172302063641e-04
 8.9999999999999993e-03  -8.1173917633511168e-04
 9.4999999999999998e-03  -8.6341754743603206e-04
 1.0000000000000000e-02  -9.1957296845291748e-04
 1.0500000000000001e-02  -9.8063749345201246e-04
 1.0999999999999999e-02  -1.0471372839775503e-03
 1.1500000000000000e-02  -1.1203585127531749e-03
 1.2000000000000000e-02  -1.2003272087754301e-03
 1.2500000000000001e-02  -1.2863298373175852e-03
 1.2999999999999999e-02  -1.3780744978334797e-03
 1.3500000000000000e-02  -1.4756745254470103e-03
 1.4000000000000000e-02  -1.5794069618476367e-03
 1.4500000000000001e-02  -1.6895032121933599e-03
 1.4999999999999999e-02  -1.8107771494083606e-03
 1.5500000000000000e-02  -1.9451980850241097e-03
 1.6000000000000000e-02  -2.0916329497248742e-03
 1.6500000000000001e-02  -2.2473120182249446e-03
 1.7000000000000001e-02  -2.4122950487700007e-03
 1.7500000000000002e-02  -2.5906664413417164e-03
 1.7999999999999999e-02  -2.7840970871333796e-03
 1.8499999999999999e-02  -2.9918167555327245e-03
 1.9000000000000000e-02  -3.2119426609389687e-03
 1.9500000000000000e-02  -3.4447091471915699e-03
 2.0000000000000000e-02  -3.6971545694640647e-03
 2.0500000000000001e-02  -3.9721582548198657e-03
 2.1000000000000001e-02  -4.2704041284619843e-03
 2.1499999999999998e-02  -4.5935640074236958e-03
 2.1999999999999999e-02  -4.9416070844815361e-03
 2.2499999999999999e-02  -5.3121837851445256e-03
 2.3000000000000000e-02  -5.7043329199277237e-03
 2.3500000000000000e-02  -6.1217175862602977e-03
 2.4000000000000000e-02  -6.5732920229668547e-03
 2.4500000000000001e-02  -7.0598453991045423e-03
 2.5000000000000001e-02  -7.5897851981687938e-03
 2.5499999999999998e-02  -8.1665508452657010e-03
 2.5999999999999999e-02  -8.7868962034924093e-03
 2.6499999999999999e-02  -9.4428862712553491e-03
 2.7000000000000000e-02  -1.0134922113306688e-02
 2.7500000000000000e-02  -1.0879762157391979e-02
 2.8000000000000001e-02  -1.1684262124058662e-02
 2.8500000000000001e-02  -1.2553818955256252e-02
 2.9000000000000001e-02  -1.3501625176560488e-02
 2.9499999999999998e-02  -1.4527747059183416e-02
 2.9999999999999999e-02  -1.5620450048589547e-02
 3.0499999999999999e-02  -1.6774933646508818e-02
 3.1000000000000000e-02  -1.8000695343108605e-02
 3.1500000000000000e-02  -1.9320951230909687e-02
 3.2000000000000001e-02  -2.0738093016539731e-02
 3.2500000000000001e-02  -2.2281522154745072e-02
 3.3000000000000002e-02  -2.3963266513111307e-02
 3.3500000000000002e-02  -2.5775226097279291e-02
 3.4000000000000002e-02  -2.7697600920713668e-02
 3.4500000000000003e-02  -2.9730376856624725e-02
 3.5000000000000003e-02  -3.1893043128426647e-02
 3.5499999999999997e-02  -3.4193572595205050e-02
 3.5999999999999997e-02  -3.6663776111095239e-02
 3.6499999999999998e-02  -3.9381413526852441e-02
 3.6999999999999998e-02  -4.2347918969782780e-02
 3.7499999999999999e-02  -4.5517083324234160e-02
 3.7999999999999999e-02  -4.8870002861407656e-02
 3.8500000000000000e-02  -5.2408543708930812e-02
 3.9000000000000000e-02  -5.6137267501419938e-02
 3.9500000000000000e-02  -6.0064075717272840e-02
 4.0000000000000001e-02  -6.4358239182451857e-02
 4.0500000000000001e-02  -6.9089005057407907e-02
 4.1000000000000002e-02  -7.4216130438247527e-02
 4.1500000000000002e-02  -7.9641243786495508e-02
 4.2000000000000003e-02  -8.5360191335928148e-02
 4.2500000000000003e-02  -9.1379961784142552e-02
 4.2999999999999997e-02  -9.7703414141935785e-02
 4.3499999999999997e-02  -1.0441131942335696e-01
 4.3999999999999997e-02  -1.1170111788853565e-01
 4.4499999999999998e-02  -1.1957850494540984e-01
 4.4999999999999998e-02  -1.2797133929681739e-01
 4.5499999999999999e-02  -1.3685010859140012e-01
 4.5999999999999999e-02  -1.4620040336655254e-01
 4.6500000000000000e-02  -1.5598700051690359e-01
 4.7000000000000000e-02  -1.6621679632085939e-01
 4.7500000000000001e-02  -1.7707673263149420e-01
 4.8000000000000001e-02  -1.8864328565479993e-01
 4.8500000000000001e-02  -2.0090721689909496e-01
 4.9000000000000002e-02  -2.1384594330692774e-01
 4.9500000000000002e-02  -2.2745408193843886e-01
 5.0000000000000003e-02  -2.4163579059078261e-01
 5.0500000000000003e-02  -2.5635186113647351e-01
 5.0999999999999997e-02  -2.7161046374877501e-01
 5.1499999999999997e-02  -2.8743157001256764e-01
 5.1999999999999998e-02  -3.0382245322644347e-01
 5.2499999999999998e-02  -3.2092315402451432e-01
 5.2999999999999999e-02  -3.3879096177499818e-01
 5.3499999999999999e-02  -3.5732306722705642e-01
 5.3999999999999999e-02  -3.7626815883164372e-01
 5.4500000000000000e-02  -3.9561224720198374e-01
 5.5000000000000000e-02  -4.1529887702800777e-01
 5.5500000000000001e-02  -4.3530495294830446e-01
 5.6000000000000001e-02  -4.5560737847843669e-01
 5.6500000000000002e-02  -4.7614969550806358e-01
 5.7000000000000002e-02  -4.9692366982228048e-01
 5.7500000000000002e-02  -5.1780460622013558e-01
 5.8000000000000003e-02  -5.3874149304773777e-01
 5.8500000000000003e-02  -5.5967123722694634e-01
 5.8999999999999997e-02  -5.8043961125934596e-01
 5.9499999999999997e-02  -6.0103726020860393e-01
 5.9999999999999998e-02  -6.2141260300298473e-01
 6.0499999999999998e-02  -6.4154453826446478e-01
 6.0999999999999999e-02  -6.6138211432623295e-01
 6.1499999999999999e-02  -6.8080078266617761e-01
 6.2000000000000000e-02  -6.9978739380415655e-01
 6.2500000000000000e-02  -7.1817720847215039e-01
 6.3000000000000000e-02  -7.3590283332197237e-01
 6.3500000000000001e-02  -7.5301416969959756e-01
 6.4000000000000001e-02  -7.6963319870051472e-01
 6.4500000000000002e-02  -7.8576212645789834e-01
 6.5000000000000002e-02  -8.0132750676233866e-01
 6.5500000000000003e-02  -8.1629929342267493e-01
 6.6000000000000003e-02  -8.3059891510427974e-01
 6.6500000000000004e-02  -8.4403430857714212e-01
 6.7000000000000004e-02  -8.5660821313458990e-01
 6.7500000000000004e-02  -8.6857295733493278e-01
 6.8000000000000005e-02  -8.8003176642985914e-01
 6.8500000000000005e-02  -8.9098564138540748e-01
 6.9000000000000006e-02  -9.0143702885187904e-01
 6.9500000000000006e-02  -9.1137537076767050e-01
 7.0000000000000007e-02  -9.2056594266049419e-01
 7.0499999999999993e-02  -9.2891272086403398e-01
 7.0999999999999994e-02  -9.3653751624056603e-01
 7.1499999999999994e-02  -9.4373808861407427e-01
 7.1999999999999995e-02  -9.5052822077833887e-01
 7.2499999999999995e-02  -9.5691337418293299e-01
 7.2999999999999995e-02  -9.6289578308043100e-01
 7.3499999999999996e-02  -9.6841845232079449e-01
 7.3999999999999996e-02  -9.7334206048773231e-01
 7.4499999999999997e-02  -9.7766737605176923e-01
 7.4999999999999997e-02  -9.8155062749538846e-01
 7.5499999999999998e-02  -9.8505572643670525e-01
 7.5999999999999998e-02  -9.8820041661073155e-01
 7.6499999999999999e-02  -9.9102807160814654e-01
 7.6999999999999999e-02  -9.9353658773906650e-01
 7.7499999999999999e-02  -9.9563631092084759e-01
 7.8000000000000000e-02  -9.9729056445746234e-01
 7.8500000000000000e-02  -9.9851829623012611e-01
 7.9000000000000001e-02  -9.9936582320726564e-01
 7.9500000000000001e-02  -9.9983818758520504e-01
 8.0000000000000002e-02  -1.0000000000000000e+00
 8.0500000000000002e-02  -9.9987769208941335e-01
 8.1000000000000003e-02  -9.9944442665751421e-01
 8.1500000000000003e-02  -9.9863460169897456e-01
 8.2000000000000003e-02  -9.9744303318076755e-01
 8.2500000000000004e-02  -9.9582127448372604e-01
 8.3000000000000004e-02  -9.9374950653570981e-01
 8.3500000000000005e-02  -9.9126454091252225e-01
 8.4000000000000005e-02  -9.8845636145802507e-01
 8.4500000000000006e-02  -9.8532704851191588e-01
 8.5000000000000006e-02  -9.8183238565993081e-01
 8.5500000000000007e-02  -9.7795428432520770e-01
 8.5999999999999993e-02  -9.7362780603566024e-01
 8.6499999999999994e-02  -9.6869421222942198e-01
 8.6999999999999994e-02  -9.6315273076061125e-01
 8.7499999999999994e-02  -9.5714511339006880e-01
 8.7999999999999995e-02  -9.5072934946654708e-01
 8.8499999999999995e-02  -9.4390321989102810e-01
 8.8999999999999996e-02  -9.3666130020086680e-01
 8.9499999999999996e-02  -9.2898971621423387e-01
 8.9999999999999997e-02  -9.2058866091858660e-01
 9.0499999999999997e-02  -9.1133548598066727e-01
 9.0999999999999998e-02  -9.0132769092690512e-01
 9.1499999999999998e-02  -8.9080360791356816e-01
 9.1999999999999998e-02  -8.7977396815242215e-01
 9.2499999999999999e-02  -8.6823652630648274e-01
 9.2999999999999999e-02  -8.5619036379896907e-01
 9.3500000000000000e-02  -8.4353240644704253e-01
 9.4000000000000000e-02  -8.3001069512413350e-01
 9.4500000000000001e-02  -8.1562258468148108e-01
 9.5000000000000001e-02  -8.0056184044786460e-01
 9.5500000000000002e-02  -7.8490773009225789e-01
 9.6000000000000002e-02  -7.6869036141180991e-01
 9.6500000000000002e-02  -7.5198333121806749e-01
 9.7000000000000003e-02  -7.3478447387970969e-01
 9.7500000000000003e-02  -7.1697254809815225e-01
 9.8000000000000004e-02  -6.9849795516100055e-01
 9.8500000000000004e-02  -6.7942794414408603e-01
 9.9000000000000005e-02  -6.5992690159781242e-01
 9.9500000000000005e-02  -6.4000793151248359e-01
 1.0000000000000001e-01  -6.1979493564943322e-01
 1.0050000000000001e-01  -5.9933860103516723e-01
 1.0100000000000001e-01  -5.7865983114722430e-01
 1.0150000000000001e-01  -5.5780972326656830e-01
 1.0199999999999999e-01  -5.3679749552456846e-01
 1.0249999999999999e-01  -5.1577484947204832e-01
 1.0299999999999999e-01  -4.9480384479920875e-01
 1.0349999999999999e-01  -4.7393513262489895e-01
 1.0400000000000000e-01  -4.5329252664772668e-01
 1.0450000000000000e-01  -4.3288361821594679e-01
 1.0500000000000000e-01  -4.1275160253415039e-01
 1.0550000000000000e-01  -3.9291415036984095e-01
 1.0600000000000000e-01  -3.7342244219540133e-01
 1.0650000000000000e-01  -3.5440158574146219e-01
 1.0700000000000000e-01  -3.3586373697493477e-01
 1.0750000000000000e-01  -3.1795121873716575e-01
 1.0800000000000000e-01  -3.0072225402461672e-01
 1.0850000000000000e-01  -2.8411970940922632e-01
 1.0900000000000000e-01  -2.6800392537100826e-01
 1.0950000000000000e-01  -2.5237150625909022e-01
 1.1000000000000000e-01  -2.3728740685131003e-01
 1.1050000000000000e-01  -2.2277819957203085e-01
 1.1100000000000000e-01  -2.0890715487913361e-01
 1.1150000000000000e-01  -1.9582893384650815e-01
 1.1200000000000000e-01  -1.8353936323728834e-01
 1.1250000000000000e-01  -1.7179197062068174e-01
 1.1300000000000000e-01  -1.6048592634867317e-01
 1.1350000000000000e-01  -1.4961905892687166e-01
 1.1400000000000000e-01  -1.3918606020602045e-01
 1.1450000000000000e-01  -1.2919429056734225e-01
 1.1500000000000000e-01  -1.1981098673076186e-01
 1.1550000000000001e-01  -1.1110456371939269e-01
 1.1600000000000001e-01  -1.0296842052281580e-01
 1.1650000000000001e-01  -9.5141976886534307e-02
 1.1700000000000001e-01  -8.7613015717487613e-02
 1.1749999999999999e-01  -8.0373341157207442e-02
 1.1799999999999999e-01  -7.3419600352314471e-02
 1.1849999999999999e-01  -6.6777467354646597e-02
 1.1899999999999999e-01  -6.0509700948186147e-02
 1.1950000000000000e-01  -5.4613118489430658e-02
 1.2000000000000000e-01  -4.8954943031509573e-02
 1.2050000000000000e-01  -4.3480856733979757e-02
 1.2100000000000000e-01  -3.8177375859002882e-02
 1.2150000000000000e-01  -3.3011540158853762e-02
 1.2200000000000000e-01  -2.7981949598081514e-02
 1.2250000000000000e-01  -2.3090763686787197e-02
 1.2300000000000000e-01  -1.8338865859794266e-02
 1.2350000000000000e-01  -1.3698565970957187e-02
 1.2400000000000000e-01  -9.1021769967536050e-03
 1.2450000000000000e-01  -4.5453461844944133e-03
 1.2500000000000000e-01   7.5697081408911592e-16
 1.2550000000000000e-01   4.5453461846402610e-03
 1.2600000000000000e-01   9.1021769967536050e-03
 1.2650000000000000e-01   1.3698565970957187e-02
 1.2700000000000000e-01   1.8338865867086638e-02
 1.2750000000000000e-01   2.3090763855970312e-02
 1.2800000000000000e-01   2.7981950145009669e-02
 1.2850000000000000e-01   3.3011541239583810e-02
 1.2900000000000000e-01   3.8177377480827175e-02
 1.2950000000000000e-01   4.3480858876479664e-02
 1.3000000000000000e-01   4.8954945227973057e-02
 1.3050000000000000e-01   5.4613120089377840e-02
 1.3100000000000001e-01   6.0509701731387269e-02
 1.3150000000000001e-01   6.6777468137847726e-02
 1.3200000000000001e-01   7.3419601946427743e-02
 1.3250000000000001e-01   8.0373343183029328e-02
 1.3300000000000001e-01   8.7613017311600899e-02
 1.3350000000000001e-01   9.5141977548681991e-02
 1.3400000000000001e-01   1.0296842064386921e-01
 1.3450000000000001e-01   1.1110456371939269e-01
 1.3500000000000001e-01   1.1981098673076186e-01
 1.3550000000000001e-01   1.2919429056734225e-01
 1.3600000000000001e-01   1.3918606020602045e-01
 1.3650000000000001e-01   1.4961905892687166e-01
 1.3700000000000001e-01   1.6048592634867317e-01
 1.3750000000000001e-01   1.7179197062068174e-01
 1.3800000000000001e-01   1.8353936323728834e-01
 1.3850000000000001e-01   1.9582893384650815e-01
 1.3900000000000001e-01   2.0890715487913361e-01
 1.3950000000000001e-01   2.2277819957203085e-01
 1.4000000000000001e-01   2.3728740685131003e-01
 1.4050000000000001e-01   2.5237150625909022e-01
 1.4099999999999999e-01   2.6800392537100826e-01
 1.4149999999999999e-01   2.8411970940922632e-01
 1.4199999999999999e-01   3.0072225402461672e-01
 1.4249999999999999e-01   3.1795121873716575e-01
 1.4299999999999999e-01   3.3586373697493477e-01
 1.4349999999999999e-01   3.5440158574146219e-01
 1.4399999999999999e-01   3.7342244219540133e-01
 1.4449999999999999e-01   3.9291415036984095e-01
 1.4499999999999999e-01   4.1275160253415039e-01
 1.4549999999999999e-01   4.3288361821594679e-01
 1.4599999999999999e-01   4.5329252664772668e-01
 1.4649999999999999e-01   4.7393513262489895e-01
 1.4699999999999999e-01   4.9480384479920875e-01
 1.4749999999999999e-01   5.1577484947204832e-01
 1.4799999999999999e-01   5.3679749552456846e-01
 1.4849999999999999e-01   5.5780972326656830e-01
 1.4899999999999999e-01   5.7865983114722430e-01
 1.4949999999999999e-01   5.9933860103516723e-01
 1.4999999999999999e-01   6.1979493564943322e-01
 1.5049999999999999e-01   6.4000793151248359e-01
 1.5100000000000000e-01   6.5992690159781242e-01
 1.5150000000000000e-01   6.7942794414408603e-01
 1.5200000000000000e-01   6.9849795516100055e-01
 1.5250000000000000e-01   7.1697254809815225e-01
 1.5300000000000000e-01   7.3478447387970969e-01
 1.5350000000000000e-01   7.5198333121806749e-01
 1.5400000000000000e-01   7.6869036141180991e-01
 1.5450000000000000e-01   7.8490773009225789e-01
 1.5500000000000000e-01   8.0056184044786460e-01
 1.5550000000000000e-01   8.1562258468148108e-01
 1.5600000000000000e-01   8.3001069512413350e-01
 1.5650000000000000e-01   8.4353240644704253e-01
 1.5700000000000000e-01   8.5619036379896907e-01
 1.5750000000000000e-01   8.6823652630648274e-01
 1.5800000000000000e-01   8.7977396815242215e-01
 1.5850000000000000e-01   8.9080360791356816e-01
 1.5900000000000000e-01   9.0132769092690512e-01
 1.5950000000000000e-01   9.1133548598066727e-01
 1.6000000000000000e-01   9.2058866091858660e-01
 1.6050000000000000e-01   9.2898971621423387e-01
 1.6100000000000000e-01   9.3666130020086680e-01
 1.6150000000000000e-01   9.4390321989102810e-01
 1.6200000000000001e-01   9.5072934946654708e-01
 1.6250000000000001e-01   9.5714511339006880e-01
 1.6300000000000001e-01   9.6315273076061125e-01
 1.6350000000000001e-01   9.6869421222942198e-01
 1.6400000000000001e-01   9.7362780603566024e-01
 1.6450000000000001e-01   9.7795428432520770e-01
 1.6500000000000001e-01   9.8183238565993081e-01
 1.6550000000000001e-01   9.8532704851191588e-01
 1.6600000000000001e-01   9.8845636145802507e-01
 1.6650000000000001e-01   9.9126454091252225e-01
 1.6700000000000001e-01   9.9374950653570981e-01
 1.6750000000000001e-01   9.9582127448372604e-01
 1.6800000000000001e-01   9.9744303318076755e-01
 1.6850000000000001e-01   9.9863460169897456e-01
 1.6900000000000001e-01   9.9944442665751421e-01
 1.6950000000000001e-01   9.9987769208941335e-01
 1.7000000000000001e-01   1.0000000000000000e+00
 1.7050000000000001e-01   9.9983818758520504e-01
 1.7100000000000001e-01   9.9936582320726564e-01
 1.7150000000000001e-01   9.9851829623012611e-01
 1.7199999999999999e-01   9.9729056445746234e-01
 1.7249999999999999e-01   9.9563631092084759e-01
 1.7299999999999999e-01   9.9353658773906650e-01
 1.7349999999999999e-01   9.9102807160814654e-01
 1.7399999999999999e-01   9.8820041661073155e-01
 1.7449999999999999e-01   9.8505572643670525e-01
 1.7499999999999999e-01   9.8155062749538846e-01
 1.7549999999999999e-01   9.7766737605176923e-01
 1.7599999999999999e-01   9.7334206048773231e-01
 1.7649999999999999e-01   9.6841845232079449e-01
 1.7699999999999999e-01   9.6289578308043100e-01
 1.7749999999999999e-01   9.5691337418293299e-01
 1.7799999999999999e-01   9.5052822077833887e-01
 1.7849999999999999e-01   9.4373808861407427e-01
 1.7899999999999999e-01   9.3653751624056603e-01
 1.7949999999999999e-01   9.2891272086403398e-01
 1.7999999999999999e-01   9.2056594266049419e-01
 1.8049999999999999e-01   9.1137537076767050e-01
 1.8099999999999999e-01   9.0143702885187904e-01
 1.8149999999999999e-01   8.9098564138540748e-01
 1.8200000000000000e-01   8.8003176642985914e-01
 1.8250000000000000e-01   8.6857295733493278e-01
 1.8300000000000000e-01   8.5660821313458990e-01
 1.8350000000000000e-01   8.4403430662278545e-01
 1.8400000000000000e-01   8.3059890451575069e-01
 1.8450000000000000e-01   8.1629926791394558e-01
 1.8500000000000000e-01   8.0132747434043738e-01
 1.8550000000000000e-01   7.8576210094916898e-01
 1.8600000000000000e-01   7.6963318811198567e-01
 1.8650000000000000e-01   7.5301416774524088e-01
 1.8700000000000000e-01   7.3590283332197237e-01
 1.8750000000000000e-01   7.1817720847215039e-01
 1.8800000000000000e-01   6.9978739380415655e-01
 1.8850000000000000e-01   6.8080078266617761e-01
 1.8900000000000000e-01   6.6138211432623295e-01
 1.8950000000000000e-01   6.4154453824988000e-01
 1.9000000000000000e-01   6.2141260269670506e-01
 1.9050000000000000e-01   6.0103725924601048e-01
 1.9100000000000000e-01   5.8043960923206561e-01
 1.9150000000000000e-01   5.5967123375577565e-01
 1.9200000000000000e-01   5.3874148782639697e-01
 1.9250000000000000e-01   5.1780460051749799e-01
 1.9300000000000000e-01   4.9692366556353318e-01
 1.9350000000000001e-01   4.7614969374330868e-01
 1.9400000000000001e-01   4.5560737815757213e-01
 1.9450000000000001e-01   4.3530495294830446e-01
 1.9500000000000001e-01   4.1529887702800777e-01
 1.9550000000000001e-01   3.9561224720198374e-01
 1.9600000000000001e-01   3.7626815867121144e-01
 1.9650000000000001e-01   3.5732306633738664e-01
 1.9700000000000001e-01   3.3879095966020933e-01
 1.9750000000000001e-01   3.2092315132633548e-01
 1.9800000000000001e-01   3.0382245109706979e-01
 1.9850000000000001e-01   2.8743156912289780e-01
 1.9900000000000001e-01   2.7161046358834273e-01
 1.9950000000000001e-01   2.5635186113647351e-01
 2.0000000000000001e-01   2.4163579059078261e-01
 2.0050000000000001e-01   2.2745408193843886e-01
 2.0100000000000001e-01   2.1384594330692774e-01
 2.0150000000000001e-01   2.0090721689909496e-01
 2.0200000000000001e-01   1.8864328565479993e-01
 2.0250000000000001e-01   1.7707673263149420e-01
 2.0300000000000001e-01   1.6621679632085939e-01
 2.0349999999999999e-01   1.5598700051690359e-01
 2.0399999999999999e-01   1.4620040336655254e-01
 2.0449999999999999e-01   1.3685010859140012e-01
 2.0499999999999999e-01   1.2797133929681739e-01
 2.0549999999999999e-01   1.1957850494540984e-01
 2.0599999999999999e-01   1.1170111788853565e-01
 2.0649999999999999e-01   1.0441131942335696e-01
 2.0699999999999999e-01   9.7703414141935785e-02
 2.0749999999999999e-01   9.1379961784142552e-02
 2.0799999999999999e-01   8.5360191335928148e-02
 2.0849999999999999e-01   7.9641243786495508e-02
 2.0899999999999999e-01   7.4216130438247527e-02
 2.0949999999999999e-01   6.9089005057407907e-02
 2.0999999999999999e-01   6.4358239182451857e-02
 2.1049999999999999e-01   6.0064075717272840e-02
 2.1099999999999999e-01   5.6137267501419938e-02
 2.1149999999999999e-01   5.2408543708930812e-02
 2.1199999999999999e-01   4.8870002861407656e-02
 2.1249999999999999e-01   4.5517083324234160e-02
 2.1299999999999999e-01   4.2347918969782780e-02
 2.1350000000000000e-01   3.9381413526852441e-02
 2.1400000000000000e-01   3.6663776111095239e-02
 2.1450000000000000e-01   3.4193572595205050e-02
 2.1500000000000000e-01   3.1893043128426647e-02
 2.1550000000000000e-01   2.9730376856624725e-02
 2.1600000000000000e-01   2.7697600920713668e-02
 2.1650000000000000e-01   2.5775226097279291e-02
 2.1700000000000000e-01   2.3963266513111307e-02
 2.1750000000000000e-01   2.2281522154745072e-02
 2.1800000000000000e-01   2.0738093016539731e-02
 2.1850000000000000e-01   1.9320951230909687e-02
 2.1900000000000000e-01   1.8000695343108605e-02
 2.1950000000000000e-01   1.6774933646508818e-02
 2.2000000000000000e-01   1.5620450048589547e-02
 2.2050000000000000e-01   1.4527747059183416e-02
 2.2100000000000000e-01   1.3501625176560488e-02
 2.2150000000000000e-01   1.2553818955256252e-02
 2.2200000000000000e-01   1.1684262124058662e-02
 2.2250000000000000e-01   1.0879762157391979e-02
 2.2300000000000000e-01   1.0134922113306688e-02
 2.2350000000000000e-01   9.4428862712553491e-03
 2.2400000000000000e-01   8.7868962034924093e-03
 2.2450000000000001e-01   8.1665508452657010e-03
 2.2500000000000001e-01   7.5897851981687938e-03
 2.2550000000000001e-01   7.0598453991045423e-03
 2.2600000000000001e-01   6.5732920229668547e-03
 2.2650000000000001e-01   6.1217175862602977e-03
 2.2700000000000001e-01   5.7043329199277237e-03
 2.2750000000000001e-01   5.3121837851445256e-03
 2.2800000000000001e-01   4.9416070844815361e-03
 2.2850000000000001e-01   4.5935640074236958e-03
 2.2900000000000001e-01   4.2704041284619843e-03
 2.2950000000000001e-01   3.9721582548198657e-03
 2.3000000000000001e-01   3.6971545694640647e-03
 2.3050000000000001e-01   3.4447091471915699e-03
 2.3100000000000001e-01   3.2119426609389687e-03
 2.3150000000000001e-01   2.9918167555327245e-03
 2.3200000000000001e-01   2.7840970871333796e-03
 2.3250000000000001e-01   2.5906664413417164e-03
 2.3300000000000001e-01   2.4122950487700007e-03
 2.3350000000000001e-01   2.2473120182249446e-03
 2.3400000000000001e-01   2.0916329497248742e-03
 2.3449999999999999e-01   1.9451980850241097e-03
 2.3499999999999999e-01   1.8107771494083606e-03
 2.3549999999999999e-01   1.6895032121933599e-03
 2.3599999999999999e-01   1.5794069618476367e-03
 2.3649999999999999e-01   1.4756745254470103e-03
 2.3699999999999999e-01   1.3780744978334797e-03
 2.3749999999999999e-01   1.2863298373175852e-03
 2.3799999999999999e-01   1.2003272087754301e-03
 2.3849999999999999e-01   1.1203585127531749e-03
 2.3899999999999999e-01   1.0471372839775503e-03
 2.3949999999999999e-01   9.8063749345201246e-04
 2.3999999999999999e-01   9.1957296845291748e-04
 2.4049999999999999e-01   8.6341754743603206e-04
 2.4099999999999999e-01   8.1173917633511168e-04
 2.4149999999999999e-01   7.6348172302063641e-04
 2.4199999999999999e-01   7.1859781584250419e-04
 2.4249999999999999e-01   6.7710141080299616e-04
 2.4299999999999999e-01   6.3899821720494272e-04
 2.4349999999999999e-01   6.0446136896352763e-04
 2.4399999999999999e-01   5.7391408232558994e-04
 2.4450000000000000e-01   5.4731854021343007e-04
 2.4500000000000000e-01   5.2341955043746298e-04
 2.4550000000000000e-01   5.0170362528111578e-04
 2.4600000000000000e-01   4.8214663243635782e-04
 2.4650000000000000e-01   4.6468958183633937e-04
 2.4700000000000000e-01   4.4935384014111791e-04
 2.4750000000000000e-01   4.3666846345751339e-04
 2.4800000000000000e-01   4.2684988382988784e-04
 2.4850000000000000e-01   4.1970030063516971e-04
 2.4900000000000000e-01   4.1473620111602381e-04
 2.4950000000000000e-01   4.1189624433335821e-04
