# z(m)  field_or_gradient(arb.u.)
-0.659399035 0.0005340149065403873
-0.6561020398249999 0.0005182829856446749
-0.65280504465 0.00047573561103836923
-0.649508049475 0.00041950300775427265
-0.6462110542999999 0.00036889840096487013
-0.642914059125 0.0003460487930112956
-0.63961706395 0.00037206697420099635
-0.6363200687749999 0.00046347111385044705
-0.6330230736 0.0006295321950509205
-0.629726078425 0.0008710847704568204
-0.62642908325 0.0011810946891778094
-0.623132088075 0.0015469767921724585
-0.6198350928999999 0.001954345232197012
-0.616538097725 0.0023916116317540376
-0.61324110255 0.0028546695513772696
-0.6099441073749999 0.003350852930396515
-0.6066471122 0.0039014477735834557
-0.603350117025 0.0045422645742016115
-0.6000531218499999 0.005322115321334404
-0.596756126675 0.006299435386252538
-0.5934591315 0.007537685654735675
-0.590162136325 0.009100497612498546
-0.58686514115 0.011047722201451253
-0.583568145975 0.013433565144698947
-0.5802711508 0.016307812728981255
-0.576974155625 0.0197207764293375
-0.57367716045 0.023732045778682712
-0.570380165275 0.028422497534343796
-0.5670831701 0.03390834763559736
-0.5637861749249999 0.040355444277693206
-0.56048917975 0.04799157870888721
-0.557192184575 0.05711441486474265
-0.5538951893999999 0.0680927643127643
-0.550598194225 0.08135937929175334
-0.54730119905 0.09739418397292654
-0.5440042038749999 0.11669785180935179
-0.5407072087 0.13975676811129584
-0.537410213525 0.16700156806750008
-0.5341132183499999 0.1987624741099853
-0.530816223175 0.235225437966355
-0.527519228 0.2763935061004828
-0.5242222328249999 0.32205779088933195
-0.52092523765 0.3717819084694873
-0.5176282424749999 0.4249027558145871
-0.5143312473 0.4805491170756192
-0.511034252125 0.5376779349169993
-0.5077372569499999 0.5951263173388488
-0.504440261775 0.6516756574300292
-0.5011432666 0.7061228086675089
-0.497846271425 0.757352250046984
-0.49454927625 0.8044027245514562
-0.49125228107499996 0.8465220189709319
-0.4879552859 0.88320438651852
-0.484658290725 0.9142065415216785
-0.48136129554999996 0.9395400582896897
-0.478064300375 0.9594402102182845
-0.4747673052 0.9743135786540941
-0.47147031002499995 0.9846689157507754
-0.46817331484999997 0.9910375400941336
-0.464876319675 0.9938907869437318
-0.46157932449999994 0.9935625858575273
-0.458282329325 0.9901850227702441
-0.45498533415 0.983643761928114
-0.451688338975 0.9735585323947631
-0.4483913438 0.9592916707250211
-0.44509434862499997 0.9399851581935578
-0.44179735345 0.9146239360744626
-0.438500358275 0.8821207769587665
-0.43520336309999996 0.8414158729459921
-0.431906367925 0.7915827761396401
-0.42860937275 0.7319315411422032
-0.42531237757499996 0.6620999514057085
-0.42201538239999997 0.5821245626301624
-0.418718387225 0.4924848916565647
-0.41542139204999995 0.3941162745541659
-0.412124396875 0.28838951469673113
-0.4088274017 0.1770582075653821
-0.405530406525 0.06217731830670427
-0.40223341134999996 -0.05400103429367158
-0.398936416175 -0.16914677091515778
-0.395639421 -0.2809770108001465
-0.392342425825 -0.3873777507541929
-0.38904543064999997 -0.48651296530937116
-0.385748435475 -0.5769131135396968
-0.3824514403 -0.6575367518315018
-0.37915444512499996 -0.7278011380111873
-0.37585744995 -0.7875801790370085
-0.372560454775 -0.8371706140961163
-0.3692634596 -0.8772297316923525
-0.36596646442499997 -0.9086900067898659
-0.36266946925 -0.9326576597274773
-0.359372474075 -0.9503031743186529
-0.35607547889999996 -0.962752210780982
-0.352778483725 -0.9709851044777853
-0.34948148855 -0.9757522977044654
-0.346184493375 -0.9775116953252923
-0.3428874982 -0.9763921855597153
-0.339590503025 -0.9721855662461957
-0.33629350785 -0.964367016291557
-0.33299651267499997 -0.9521422023036039
-0.3296995175 -0.9345172506443676
-0.326402522325 -0.9103862643981091
-0.32310552715 -0.8786299158287679
-0.319808531975 -0.8382179603569271
-0.3165115368 -0.7883083284295361
-0.313214541625 -0.728335755570117
-0.30991754644999997 -0.6580836771241485
-0.306620551275 -0.5777342847787913
-0.3033235561 -0.4878931363933495
-0.30002656092499996 -0.3895864311019261
-0.29672956575 -0.2842308981586074
-0.293432570575 -0.17357808462935886
-0.2901355754 -0.059636547873053725
-0.286838580225 0.05542304588485924
-0.28354158505 0.1693737430187429
-0.280244589875 0.2800420995181186
-0.27694759469999997 0.38541469611553053
-0.273650599525 0.48373428686931236
-0.27035360435 0.5735791524206119
-0.267056609175 0.653920333526421
-0.263759614 0.7241529074928169
-0.260462618825 0.784099245544873
-0.25716562365 0.8339841354539734
-0.25386862847499997 0.8743836373092796
-0.2505716333 0.906151420409609
-0.247274638125 0.9303279679872885
-0.24397764295000002 0.9480393093144689
-0.24068064777499998 0.9603927444960962
-0.2373836526 0.9683772967849859
-0.234086657425 0.972776330031522
-0.23078966224999997 0.9740989166975834
-0.227492667075 0.9725351892604315
-0.2241956719 0.9679391490193847
-0.22089867672500002 0.959840368737006
-0.21760168154999998 0.9474838604905093
-0.214304686375 0.9298952511303502
-0.2110076912 0.9059664777897954
-0.20771069602499997 0.874555634253903
-0.20441370085 0.8345934891984061
-0.201116705675 0.7851886469682879
-0.19781971050000002 0.7257233751543664
-0.19452271532499998 0.6559327783364651
-0.19122572015 0.5759612048171334
-0.18792872497500002 0.48639144096394865
-0.18463172979999998 0.38824424849135175
-0.181334734625 0.2829479810541281
-0.17803773945 0.17228021231403548
-0.17474074427500003 0.05828535268843943
-0.1714437491 -0.0568260262221047
-0.168146753925 -0.17078912990954803
-0.16484975875000002 -0.2814003266919361
-0.16155276357499998 -0.38662795816513135
-0.1582557684 -0.4847109314349212
-0.15495877322499996 -0.5742383826528537
-0.15166177805000003 -0.6542051115735751
-0.148364782875 -0.724039266019615
-0.14506778769999995 -0.7836007694757328
-0.14177079252500002 -0.8331510860550927
-0.13847379734999998 -0.8732969527252106
-0.13517680217500005 -0.9049125343192227
-0.13187980700000002 -0.9290459453796488
-0.12858281182499998 -0.9468171332334018
-0.12528581665000005 -0.9593146603107952
-0.12198882147500001 -0.9674989285062944
-0.11869182629999997 -0.9721188601106334
-0.11539483112500004 -0.9736480309779476
-0.11209783595 -0.97224481768199
-0.10880084077499996 -0.9677393744642333
-0.10550384560000003 -0.9596483209389481
-0.102206850425 -0.9472160326691552
-0.09890985524999996 -0.9294795214191087
-0.09561286007500003 -0.9053522012853193
-0.09231586489999999 -0.8737204771932798
-0.08901886972499995 -0.8335461570423781
-0.08572187455000002 -0.7839672429997814
-0.08242487937499998 -0.7243897329497953
-0.07912788420000005 -0.6545636564508975
-0.07583088902500001 -0.5746376419568782
-0.07253389384999998 -0.4851877916659895
-0.06923689867500005 -0.3872184266977587
-0.06593990350000001 -0.28213423569546003
-0.06264290832499997 -0.1716853776020836
-0.05934591315000004 -0.05788901249431115
-0.056048917975 0.05706757397486712
-0.05275192279999996 0.17093574924513363
-0.049454927625000034 0.28151882759987046
-0.046157932449999994 0.38678212729855643
-0.042860937274999955 0.48495222844506236
-0.03956394210000003 0.5745986029016428
-0.03626694692499999 0.6546920188985712
-0.03296995175000006 0.7246357672216446
-0.02967295657500002 0.7842676970480519
-0.02637596139999998 0.833833148299377
-0.023078966225000053 0.8739309710276083
-0.019781971050000013 0.9054367759061926
-0.016484975874999974 0.9294092178875685
-0.013187980700000046 0.9469863526378378
-0.009890985525000007 0.9592798279452137
-0.0065939903499999675 0.9672748233018853
-0.0032969951750000392 0.971743216277548
0.0 0.9731764642072844
0.0032969951750000392 0.971743216277548
0.0065939903499999675 0.9672748233018853
0.009890985525000007 0.9592798279452137
0.013187980699999935 0.9469863526378387
0.016484975874999974 0.9294092178875685
0.019781971050000013 0.9054367759061926
0.02307896622499994 0.8739309710276095
0.02637596139999998 0.833833148299377
0.02967295657500002 0.7842676970480519
0.03296995174999995 0.7246357672216467
0.03626694692499999 0.6546920188985712
0.03956394210000003 0.5745986029016428
0.042860937274999955 0.48495222844506236
0.046157932449999994 0.38678212729855643
0.049454927625000034 0.28151882759987046
0.05275192279999996 0.17093574924513363
0.056048917975 0.05706757397486712
0.05934591315000004 -0.05788901249431115
0.06264290832499997 -0.1716853776020836
0.06593990350000001 -0.28213423569546003
0.06923689867499994 -0.38721842669775497
0.07253389384999998 -0.4851877916659895
0.07583088902500001 -0.5746376419568782
0.07912788419999994 -0.6545636564508956
0.08242487937499998 -0.7243897329497953
0.08572187455000002 -0.7839672429997814
0.08901886972499995 -0.8335461570423781
0.09231586489999999 -0.8737204771932798
0.09561286007500003 -0.9053522012853193
0.09890985524999996 -0.9294795214191087
0.102206850425 -0.9472160326691552
0.10550384560000003 -0.9596483209389481
0.10880084077499996 -0.9677393744642333
0.11209783595 -0.97224481768199
0.11539483112499993 -0.9736480309779474
0.11869182629999997 -0.9721188601106334
0.12198882147500001 -0.9674989285062944
0.12528581664999994 -0.9593146603107956
0.12858281182499998 -0.9468171332334018
0.13187980700000002 -0.9290459453796488
0.13517680217499994 -0.904912534319224
0.13847379734999998 -0.8732969527252106
0.14177079252500002 -0.8331510860550927
0.14506778769999995 -0.7836007694757328
0.148364782875 -0.724039266019615
0.15166177805000003 -0.6542051115735751
0.15495877322499996 -0.5742383826528537
0.1582557684 -0.4847109314349212
0.16155276357499992 -0.3866279581651332
0.16484975874999996 -0.28140032669193815
0.168146753925 -0.17078912990954803
0.17144374909999993 -0.056826026222106966
0.17474074427499997 0.058285352688437715
0.17803773945 0.17228021231403548
0.18133473462499994 0.28294798105412705
0.18463172979999998 0.38824424849135175
0.18792872497500002 0.48639144096394865
0.19122572014999994 0.5759612048171316
0.19452271532499998 0.6559327783364651
0.19781971050000002 0.7257233751543664
0.20111670567499995 0.7851886469682867
0.20441370085 0.8345934891984061
0.20771069602500003 0.8745556342539033
0.21100769119999996 0.9059664777897949
0.214304686375 0.9298952511303502
0.21760168154999993 0.9474838604905094
0.22089867672499996 0.9598403687370062
0.2241956719 0.9679391490193847
0.22749266707499993 0.9725351892604323
0.23078966224999997 0.9740989166975834
0.234086657425 0.972776330031522
0.23738365259999994 0.9683772967849859
0.24068064777499998 0.9603927444960962
0.24397764295000002 0.9480393093144689
0.24727463812499995 0.9303279679872881
0.2505716333 0.906151420409609
0.253868628475 0.8743836373092791
0.25716562364999995 0.8339841354539749
0.260462618825 0.784099245544873
0.2637596139999999 0.7241529074928187
0.26705660917499996 0.6539203335264222
0.27035360435 0.5735791524206119
0.2736505995249999 0.4837342868693134
0.27694759469999997 0.38541469611553053
0.280244589875 0.2800420995181186
0.28354158504999993 0.16937374301874492
0.286838580225 0.05542304588485924
0.2901355754 -0.059636547873053725
0.29343257057499994 -0.1735780846293571
0.29672956575 -0.2842308981586074
0.300026560925 -0.38958643110192825
0.30332355609999995 -0.48789313639334814
0.306620551275 -0.5777342847787913
0.3099175464499999 -0.6580836771241468
0.31321454162499995 -0.7283357555701164
0.3165115368 -0.7883083284295361
0.3198085319749999 -0.8382179603569258
0.32310552714999996 -0.878629915828767
0.326402522325 -0.9103862643981091
0.32969951749999993 -0.9345172506443669
0.33299651267499997 -0.9521422023036039
0.33629350785 -0.964367016291557
0.33959050302499993 -0.9721855662461951
0.3428874982 -0.9763921855597153
0.3461844933749999 -0.9775116953252925
0.34948148855000005 -0.9757522977044653
0.352778483725 -0.9709851044777853
0.3560754788999999 -0.9627522107809828
0.35937247407500006 -0.9503031743186526
0.36266946925 -0.9326576597274773
0.3659664644249999 -0.9086900067898673
0.36926345960000007 -0.8772297316923524
0.372560454775 -0.8371706140961163
0.3758574499499999 -0.787580179037009
0.3791544451250001 -0.7278011380111851
0.3824514403 -0.6575367518315018
0.38574843547499993 -0.576913113539698
0.38904543064999986 -0.4865129653093745
0.392342425825 -0.3873777507541929
0.39563942099999994 -0.2809770108001496
0.39893641617499986 -0.1691467709151607
0.40223341135 -0.054001034293670265
0.40553040652499994 0.06217731830670183
0.40882740169999987 0.17705820756537807
0.412124396875 0.28838951469673113
0.41542139204999995 0.3941162745541659
0.4187183872249999 0.49248489165656145
0.4220153824 0.5821245626301638
0.42531237757499996 0.6620999514057085
0.4286093727499999 0.7319315411422003
0.43190636792500003 0.7915827761396412
0.43520336309999996 0.8414158729459921
0.4385003582749999 0.8821207769587656
0.44179735345000004 0.9146239360744628
0.44509434862499997 0.9399851581935578
0.4483913437999999 0.9592916707250198
0.45168833897500005 0.9735585323947636
0.45498533415 0.983643761928114
0.4582823293249999 0.9901850227702431
0.46157932450000005 0.9935625858575264
0.464876319675 0.9938907869437318
0.4681733148499999 0.9910375400941333
0.47147031002500006 0.9846689157507744
0.4747673052 0.9743135786540941
0.4780643003749999 0.9594402102182847
0.48136129555000007 0.9395400582896902
0.484658290725 0.9142065415216785
0.4879552858999999 0.8832043865185226
0.49125228107499985 0.8465220189709346
0.49454927625 0.8044027245514562
0.49784627142499993 0.7573522500469859
0.5011432665999999 0.7061228086675112
0.504440261775 0.6516756574300292
0.5077372569499999 0.5951263173388488
0.5110342521249999 0.5376779349170001
0.5143312473 0.4805491170756192
0.5176282424749999 0.4249027558145871
0.5209252376499999 0.37178190846948805
0.524222232825 0.32205779088932995
0.527519228 0.2763935061004828
0.5308162231749999 0.2352254379663567
0.53411321835 0.1987624741099848
0.537410213525 0.16700156806750008
0.5407072086999999 0.13975676811129709
0.544004203875 0.11669785180935097
0.54730119905 0.09739418397292654
0.5505981942249999 0.08135937929175444
0.5538951894 0.06809276431276362
0.557192184575 0.05711441486474265
0.5604891797499999 0.047991578708888066
0.563786174925 0.04035544427769409
0.5670831701 0.03390834763559736
0.5703801652749999 0.028422497534344282
0.5736771604500001 0.023732045778682636
0.576974155625 0.0197207764293375
0.5802711507999999 0.016307812728981647
0.5835681459749998 0.013433565144698284
0.58686514115 0.011047722201451253
0.5901621363249999 0.009100497612497803
0.5934591314999998 0.007537685654734675
0.596756126675 0.006299435386252538
0.6000531218499999 0.005322115321334404
0.6033501170249999 0.004542264574201678
0.6066471122 0.0039014477735834557
0.6099441073749999 0.003350852930396515
0.6132411025499999 0.002854669551376416
0.616538097725 0.0023916116317540376
0.6198350928999999 0.001954345232197012
0.6231320880749999 0.0015469767921716313
0.62642908325 0.0011810946891778094
0.629726078425 0.0008710847704568204
0.6330230735999999 0.0006295321950502229
0.636320068775 0.0004634711138508608
0.63961706395 0.00037206697420099635
0.6429140591249999 0.00034604879301148797
0.6462110543 0.0003688984009657046
0.649508049475 0.00041950300775427265
0.6528050446499999 0.0004757356110377917
0.656102039825 0.0005182829856446842
0.659399035 0.0005340149065403873
